0.01 0 25 0 0 0 0
0.02 0.075 24.865 0 -7.5 13.4999999999998 0
0.03 0.15 24.73 0 -15 27 0
0.04 0.225 24.595 0 -22.5 40.5000000000001 0
0.05 0.3 24.46 0 -30 53.9999999999999 0
0.06 0.375 24.325 0 -37.5 67.5000000000001 0
0.07 0.45 24.19 0 -45 80.9999999999999 0
0.08 0.525 24.055 0 -52.5 94.5000000000004 0
0.09 0.6 23.92 0 -60 108 0
0.1 0.675 23.785 0 -67.5 121.5 0
0.11 0.75 23.65 0 -75 135 0
0.12 0.825 23.515 0 -82.5 148.5 0
0.13 0.9 23.38 0 -90 162 0
0.14 0.975 23.245 0 -97.5 175.5 0
0.15 1.05 23.11 0 -105 189 0
0.16 1.125 22.975 0 -112.5 202.5 0
0.17 1.2 22.84 0 -120 216 0
0.18 1.275 22.705 0 -127.5 229.5 0
0.19 1.35 22.57 0 -135 243 0
0.2 1.425 22.435 0 -142.5 256.5 0
0.21 1.5 22.3 0 -150 270 0
0.22 1.575 22.165 0 -157.5 283.5 0
0.23 1.65 22.03 0 -165 297 0
0.24 1.725 21.895 0 -172.5 310.5 0
0.25 1.8 21.76 0 -180 324 0
0.26 1.875 21.625 0 -187.5 337.5 0
0.27 1.95 21.49 0 -195 351 0
0.28 2.025 21.355 0 -202.5 364.5 0
0.29 2.1 21.22 0 -210 378 0
0.3 2.175 21.085 0 -217.5 391.5 0
0.31 2.25 20.95 0 -225 405 0
0.32 2.325 20.815 0 -232.5 418.5 0
0.33 2.4 20.68 0 -240 432 0
0.34 2.475 20.545 0 -247.5 445.5 0
0.35 2.55 20.41 0 -255 459 0
0.36 2.625 20.275 0 -262.5 472.5 0
0.37 2.7 20.14 0 -270 486 0
0.38 2.775 20.005 0 -277.5 499.5 0
0.39 2.85 19.87 0 -285 513 0
0.4 2.925 19.735 0 -292.5 526.5 0
0.41 3 19.6 0 -300 540 0
0.42 3.075 19.465 0 -307.5 553.5 0
0.43 3.15 19.33 0 -315 567 0
0.44 3.225 19.195 0 -322.5 580.5 0
0.45 3.3 19.06 0 -330 594 0
0.46 3.375 18.925 0 -337.5 607.5 0
0.47 3.45 18.79 0 -345 621 0
0.48 3.525 18.655 0 -352.5 634.5 0
0.49 3.6 18.52 0 -360 648 0
0.5 3.675 18.385 0 -367.5 661.5 0
0.51 3.75 18.25 0 -375 675 0
0.52 3.825 18.115 0 -382.5 688.5 0
0.53 3.9 17.98 0 -390 702 0
0.54 3.975 17.845 0 -397.5 715.5 0
0.55 4.05 17.71 0 -405 729 0
0.56 4.125 17.575 0 -412.5 742.5 0
0.57 4.2 17.44 0 -420 756 0
0.58 4.275 17.305 0 -427.5 769.5 0
0.59 4.35 17.17 0 -435 783 0
0.6 4.425 17.035 0 -442.5 796.5 0
0.61 4.5 16.9 0 -450 810 0
0.62 4.575 16.765 0 -457.5 823.5 0
0.63 4.65 16.63 0 -465 837 0
0.64 4.725 16.495 0 -472.5 850.5 0
0.65 4.8 16.36 0 -480 864 0
0.66 4.875 16.225 0 -487.5 877.5 0
0.67 4.95 16.09 0 -495 891 0
0.68 5.025 15.955 0 -502.5 904.5 0
0.69 5.1 15.82 0 -510 918 0
0.7 5.175 15.685 0 -517.5 931.5 0
0.71 5.25 15.55 0 -525 945 0
0.72 5.325 15.415 0 -532.5 958.5 0
0.73 5.4 15.28 0 -540 972 0
0.74 5.475 15.145 0 -547.5 985.5 0
0.75 5.55 15.01 0 -555 999 0
0.76 5.625 14.875 0 -562.5 1012.5 0
0.77 5.7 14.74 0 -570 1026 0
0.78 5.775 14.605 0 -577.5 1039.5 0
0.79 5.85 14.47 0 -585 1053 0
0.8 5.925 14.335 0 -592.5 1066.5 0
0.81 6 14.2 0 -600 1080 0
0.820000000000001 6.075 14.065 0 -607.5 1093.5 0
0.830000000000001 6.15 13.93 0 -615 1107 0
0.840000000000001 6.225 13.795 0 -622.5 1120.5 0
0.850000000000001 6.3 13.66 0 -630 1134 0
0.860000000000001 6.375 13.525 0 -637.5 1147.5 0
0.870000000000001 6.45 13.39 0 -645 1161 0
0.880000000000001 6.525 13.255 0 -652.5 1174.5 0
0.890000000000001 6.6 13.12 0 -660 1188 0
0.900000000000001 6.675 12.985 0 -667.5 1201.5 0
0.910000000000001 6.75 12.85 0 -675 1215 0
0.920000000000001 6.825 12.715 0 -682.5 1228.5 0
0.930000000000001 6.9 12.58 0 -690 1242 0
0.940000000000001 6.975 12.445 0 -697.5 1255.5 0
0.950000000000001 7.05 12.31 0 -705 1269 0
0.960000000000001 7.125 12.175 0 -712.5 1282.5 0
0.970000000000001 7.2 12.04 0 -720 1296 0
0.980000000000001 7.275 11.905 0 -727.5 1309.5 0
0.990000000000001 7.35 11.77 0 -735 1323 0
1 7.425 11.635 0 -742.5 1336.5 0
1.01 7.5 11.5 0 -750 1350 0
1.02 7.575 11.365 0 -757.5 1363.5 0
1.03 7.65 11.23 0 -765 1377 0
1.04 7.725 11.095 0 -772.5 1390.5 0
1.05 7.8 10.96 0 -780 1404 0
1.06 7.875 10.825 0 -787.5 1417.5 0
1.07 7.95 10.69 0 -795 1431 0
1.08 8.025 10.555 0 -802.5 1444.5 0
1.09 8.1 10.42 0 -810 1458 0
1.1 8.175 10.285 0 -817.5 1471.5 0
1.11 8.25 10.15 0 -825 1485 0
1.12 8.325 10.015 0 -832.5 1498.5 0
1.13 8.4 9.88 0 -840 1512 0
1.14 8.475 9.745 0 -847.5 1525.5 0
1.15 8.55 9.61 0 -855 1539 0
1.16 8.625 9.475 0 -862.5 1552.5 0
1.17 8.7 9.34 0 -870 1566 0
1.18 8.775 9.205 0 -877.5 1579.5 0
1.19 8.85 9.07 0 -885 1593 0
1.2 8.925 8.935 0 -892.5 1606.5 0
1.21 9 8.8 0 -900 1620 0
1.22 9.075 8.665 0 -907.5 1633.5 0
1.23 9.15 8.53 0 -915 1647 0
1.24 9.225 8.395 0 -922.5 1660.5 0
1.25 9.3 8.26 0 -930 1674 0
1.26 9.375 8.125 0 -937.5 1687.5 0
1.27 9.45 7.99 0 -945 1701 0
1.28 9.525 7.855 0 -952.5 1714.5 0
1.29 9.6 7.72 0 -960 1728 0
1.3 9.675 7.585 0 -967.5 1741.5 0
1.31 9.75 7.45 0 -975 1755 0
1.32 9.825 7.315 0 -982.5 1768.5 0
1.33 9.9 7.18 0 -990 1782 0
1.34 9.975 7.045 0 -997.5 1795.5 0
1.35 10.05 6.91 0 -1005 1809 0
1.36 10.125 6.775 0 -1012.5 1822.5 0
1.37 10.2 6.64 0 -1020 1836 0
1.38 10.275 6.505 0 -1027.5 1849.5 0
1.39 10.35 6.37 0 -1035 1863 0
1.4 10.425 6.235 0 -1042.5 1876.5 0
1.41 10.5 6.1 0 -1050 1890 0
1.42 10.575 5.965 0 -1057.5 1903.5 0
1.43 10.65 5.83 0 -1065 1917 0
1.44 10.725 5.695 0 -1072.5 1930.5 0
1.45 10.8 5.56 0 -1080 1944 0
1.46 10.875 5.425 0 -1087.5 1957.5 0
1.47 10.95 5.29 0 -1095 1971 0
1.48 11.025 5.155 0 -1102.5 1984.5 0
1.49 11.1 5.02 0 -1110 1998 0
1.5 11.175 4.885 0 -1117.5 2011.5 0
1.51 11.25 4.75 0 -1125 2025 0
1.52 11.325 4.615 0 -1132.5 2038.5 0
1.53 11.4 4.48 0 -1140 2052 0
1.54 11.475 4.345 0 -1147.5 2065.5 0
1.55 11.55 4.21 0 -1155 2079 0
1.56 11.625 4.075 0 -1162.5 2092.5 0
1.57 11.7 3.94 0 -1170 2106 0
1.58 11.775 3.805 0 -1177.5 2119.5 0
1.59 11.85 3.67 0 -1185 2133 0
1.6 11.925 3.535 0 -1192.5 2146.5 0
1.61 12 3.4 0 -1200 2160 0
1.62 12.075 3.265 0 -1207.5 2173.5 0
1.63 12.15 3.13 0 -1215 2187 0
1.64 12.225 2.995 0 -1222.5 2200.5 0
1.65 12.3 2.86 0 -1230 2214 0
1.66 12.375 2.725 0 -1237.5 2227.5 0
1.67 12.45 2.59 0 -1245 2241 0
1.68 12.525 2.455 0 -1252.5 2254.5 0
1.69 12.6 2.32 0 -1260 2268 0
1.7 12.675 2.185 0 -1267.5 2281.5 0
1.71 12.75 2.05 0 -1275 2295 0
1.72 12.825 1.915 0 -1282.5 2308.5 0
1.73 12.9 1.78 0 -1290 2322 0
1.74 12.975 1.645 0 -1297.5 2335.5 0
1.75 13.05 1.51 0 -1305 2349 0
1.76 13.125 1.375 0 -1312.5 2362.5 0
1.77 13.2 1.24 0 -1320 2376 0
1.78 13.275 1.105 0 -1327.5 2389.5 0
1.79 13.35 0.969999999999999 0 -1335 2403 0
1.8 13.425 0.834999999999999 0 -1342.5 2416.5 0
1.81 13.5 0.699999999999999 0 -1350 2430 0
1.82 13.575 0.564999999999998 0 -1357.5 2443.5 0
1.83 13.65 0.429999999999998 0 -1365 2457 0
1.84 13.725 0.294999999999998 0 -1372.5 2470.5 0
1.85 13.8 0.159999999999998 0 -1380 2484 0
1.86 13.875 0.0249999999999968 0 -1387.5 2497.5 0
1.87 13.95 -0.110000000000001 0 -1395 2511 0
1.88 14.025 -0.245000000000003 0 -1402.5 2524.5 0
1.89 14.1 -0.380000000000003 0 -1410 2538 0
1.9 14.175 -0.515000000000002 0 -1417.5 2551.5 0
1.91 14.25 -0.650000000000004 0 -1425 2565 0
1.92 14.325 -0.785000000000002 0 -1432.5 2578.5 0
1.93 14.4 -0.920000000000003 0 -1440 2592 0
1.94 14.475 -1.055 0 -1447.5 2605.5 0
1.95 14.55 -1.19 0 -1455 2619 0
1.96 14.625 -1.325 0 -1462.5 2632.5 0
1.97 14.7 -1.46 0 -1470 2646 0
1.98 14.775 -1.595 0 -1477.5 2659.5 0
1.99 14.85 -1.73 0 -1485 2673 0
2 14.925 -1.865 0 -1492.5 2686.5 0
2.01 15 -2 0 -1500 2700 0
2.02 15.075 -2.135 0 -1507.5 2713.5 0
2.03 15.15 -2.27 0 -1515 2727 0
2.04 15.225 -2.405 0 -1522.5 2740.5 0
2.05 15.3 -2.54 0 -1530 2754 0
2.06 15.375 -2.675 0 -1537.5 2767.5 0
2.07 15.45 -2.81 0 -1545 2781 0
2.08 15.525 -2.945 0 -1552.5 2794.5 0
2.09 15.6 -3.08 0 -1560 2808 0
2.1 15.675 -3.215 0 -1567.5 2821.5 0
2.11 15.75 -3.35 0 -1575 2835 0
2.12 15.825 -3.485 0 -1582.5 2848.5 0
2.13 15.9 -3.62 0 -1590 2862 0
2.14 15.975 -3.755 0 -1597.5 2875.5 0
2.15 16.05 -3.89 0 -1605 2889 0
2.16 16.125 -4.025 0 -1612.5 2902.5 0
2.17 16.2 -4.16 0 -1620 2916 0
2.18 16.275 -4.295 0 -1627.5 2929.5 0
2.19 16.35 -4.43 0 -1635 2943 0
2.2 16.425 -4.565 0 -1642.5 2956.5 0
2.21 16.5 -4.7 0 -1650 2970 0
2.22 16.575 -4.835 0 -1657.5 2983.5 0
2.23 16.65 -4.97 0 -1665 2997 0
2.24 16.725 -5.105 0 -1672.5 3010.5 0
2.25 16.8 -5.24 0 -1680 3024 0
2.26 16.875 -5.375 0 -1687.5 3037.5 0
2.27 16.95 -5.51 0 -1695 3051 0
2.28 17.025 -5.645 0 -1702.5 3064.5 0
2.29 17.1 -5.78 0 -1710 3078 0
2.29999999999999 17.175 -5.915 0 -1717.5 3091.5 0
2.30999999999999 17.25 -6.05 0 -1725 3105 0
2.31999999999999 17.325 -6.185 0 -1732.5 3118.5 0
2.32999999999999 17.4 -6.32 0 -1740 3132 0
2.33999999999999 17.475 -6.455 0 -1747.5 3145.5 0
2.34999999999999 17.55 -6.59 0 -1755 3159 0
2.35999999999999 17.625 -6.725 0 -1762.5 3172.5 0
2.36999999999999 17.7 -6.86 0 -1770 3186 0
2.37999999999999 17.775 -6.995 0 -1777.5 3199.5 0
2.38999999999999 17.85 -7.13 0 -1785 3213 0
2.39999999999999 17.925 -7.265 0 -1792.5 3226.5 0
2.40999999999999 18 -7.4 0 -1800 3240 0
2.41999999999999 18.075 -7.535 0 -1807.5 3253.5 0
2.42999999999999 18.15 -7.67 0 -1815 3267 0
2.43999999999999 18.225 -7.805 0 -1822.5 3280.5 0
2.44999999999999 18.3 -7.94 0 -1830 3294 0
2.45999999999999 18.375 -8.075 0 -1837.5 3307.5 0
2.46999999999999 18.45 -8.21 0 -1845 3321 0
2.47999999999999 18.525 -8.345 0 -1852.5 3334.5 0
2.48999999999999 18.6 -8.48 0 -1860 3348 0
2.49999999999999 18.675 -8.615 0 -1867.5 3361.5 0
2.50999999999999 18.75 -8.75 0 -1875 3375 0
2.51999999999999 18.825 -8.885 0 -1882.5 3388.5 0
2.52999999999999 18.9 -9.02 0 -1890 3402 0
2.53999999999999 18.975 -9.155 0 -1897.5 3415.5 0
2.54999999999999 19.05 -9.29 0 -1905 3429 0
2.55999999999999 19.125 -9.425 0 -1912.5 3442.5 0
2.56999999999999 19.2 -9.56 0 -1920 3456 0
2.57999999999999 19.275 -9.695 0 -1927.5 3469.5 0
2.58999999999999 19.35 -9.83 0 -1935 3483 0
2.59999999999999 19.425 -9.965 0 -1942.5 3496.5 0
2.60999999999999 19.5 -10.1 0 -1950 3510 0
2.61999999999999 19.575 -10.235 0 -1957.5 3523.5 0
2.62999999999999 19.65 -10.37 0 -1965 3537 0
2.63999999999999 19.725 -10.505 0 -1972.5 3550.5 0
2.64999999999999 19.8 -10.64 0 -1980 3564 0
2.65999999999999 19.875 -10.775 0 -1987.5 3577.5 0
2.66999999999999 19.95 -10.91 0 -1995 3591 0
2.67999999999999 20.025 -11.045 0 -2002.5 3604.5 0
2.68999999999999 20.1 -11.18 0 -2010 3618 0
2.69999999999999 20.175 -11.315 0 -2017.5 3631.5 0
2.70999999999999 20.25 -11.45 0 -2025 3645 0
2.71999999999999 20.325 -11.585 0 -2032.5 3658.5 0
2.72999999999999 20.4 -11.72 0 -2040 3672 0
2.73999999999999 20.475 -11.855 0 -2047.5 3685.5 0
2.74999999999999 20.55 -11.99 0 -2055 3699 0
2.75999999999999 20.625 -12.125 0 -2062.5 3712.5 0
2.76999999999998 20.7 -12.26 0 -2070 3726 0
2.77999999999998 20.775 -12.395 0 -2077.5 3739.5 0
2.78999999999998 20.85 -12.53 0 -2085 3753 0
2.79999999999998 20.925 -12.665 0 -2092.5 3766.5 0
2.80999999999998 21 -12.8 0 -2100 3780 0
2.81999999999998 21.075 -12.935 0 -2107.5 3793.5 0
2.82999999999998 21.15 -13.07 0 -2115 3807 0
2.83999999999998 21.225 -13.205 0 -2122.5 3820.5 0
2.84999999999998 21.3 -13.34 0 -2130 3834 0
2.85999999999998 21.375 -13.475 0 -2137.5 3847.5 0
2.86999999999998 21.45 -13.61 0 -2145 3861 0
2.87999999999998 21.525 -13.745 0 -2152.5 3874.5 0
2.88999999999998 21.6 -13.88 0 -2160 3888 0
2.89999999999998 21.675 -14.015 0 -2167.5 3901.5 0
2.90999999999998 21.75 -14.15 0 -2175 3915 0
2.91999999999998 21.825 -14.285 0 -2182.5 3928.5 0
2.92999999999998 21.9 -14.42 0 -2190 3942 0
2.93999999999998 21.975 -14.555 0 -2197.5 3955.5 0
2.94999999999998 22.05 -14.69 0 -2205 3969 0
2.95999999999998 22.125 -14.825 0 -2212.5 3982.5 0
2.96999999999998 22.2 -14.96 0 -2220 3996 0
2.97999999999998 22.275 -15.095 0 -2227.5 4009.5 0
2.98999999999998 22.35 -15.23 0 -2235 4023 0
2.99999999999998 22.425 -15.365 0 -2242.5 4036.5 0
3.00999999999998 22.5 -15.5 0 -2250 4050 0
3.01999999999998 22.575 -15.635 0 -2257.5 4063.5 0
3.02999999999998 22.65 -15.77 0 -2265 4077 0
3.03999999999998 22.725 -15.905 0 -2272.5 4090.5 0
3.04999999999998 22.8 -16.04 0 -2280 4104 0
3.05999999999998 22.875 -16.175 0 -2287.5 4117.5 0
3.06999999999998 22.95 -16.31 0 -2295 4131 0
3.07999999999998 23.025 -16.445 0 -2302.5 4144.5 0
3.08999999999998 23.1 -16.58 0 -2310 4158 0
3.09999999999998 23.175 -16.715 0 -2317.5 4171.5 0
3.10999999999998 23.25 -16.85 0 -2325 4185 0
3.11999999999998 23.325 -16.985 0 -2332.5 4198.5 0
3.12999999999998 23.4 -17.12 0 -2340 4212 0
3.13999999999998 23.475 -17.255 0 -2347.5 4225.5 0
3.14999999999998 23.55 -17.39 0 -2355 4239 0
3.15999999999998 23.625 -17.525 0 -2362.5 4252.5 0
3.16999999999998 23.7 -17.66 0 -2370 4266 0
3.17999999999998 23.775 -17.795 0 -2377.5 4279.5 0
3.18999999999998 23.85 -17.93 0 -2385 4293 0
3.19999999999998 23.925 -18.065 0 -2392.5 4306.5 0
3.20999999999998 24 -18.2 0 -2400 4320 0
3.21999999999998 24.075 -18.335 0 -2407.5 4333.5 0
3.22999999999998 24.15 -18.47 0 -2415 4347 0
3.23999999999997 24.225 -18.605 0 -2422.5 4360.5 0
3.24999999999997 24.3 -18.74 0 -2430 4374 0
3.25999999999997 24.375 -18.875 0 -2437.5 4387.5 0
3.26999999999997 24.45 -19.01 0 -2445 4401 0
3.27999999999997 24.525 -19.145 0 -2452.5 4414.5 0
3.28999999999997 24.6 -19.28 0 -2460 4428 0
3.29999999999997 24.675 -19.415 0 -2467.5 4441.5 0
3.30999999999997 24.75 -19.55 0 -2475 4455 0
3.31999999999997 24.825 -19.685 0 -2482.5 4468.5 0
3.32999999999997 24.9 -19.82 0 -2490 4482 0
3.33999999999997 24.975 -19.955 0 -2497.5 4495.5 0
3.34999999999997 25 -20 0 -2500 4500 0
3.35999999999997 24.85 -20 0 -2485 4500 0
3.36999999999997 24.7 -20 0 -2470 4500 0
3.37999999999997 24.55 -20 0 -2455 4500 0
3.38999999999997 24.4 -20 0 -2440 4500 0
3.39999999999997 24.25 -20 0 -2425 4500 0
3.40999999999997 24.1 -20 0 -2410 4500 0
3.41999999999997 23.95 -20 0 -2395 4500 0
3.42999999999997 23.8 -20 0 -2380 4500 0
3.43999999999997 23.65 -20 0 -2365 4500 0
3.44999999999997 23.5 -20 0 -2350 4500 0
3.45999999999997 23.35 -20 0 -2335 4500 0
3.46999999999997 23.2 -20 0 -2320 4500 0
3.47999999999997 23.05 -20 0 -2305 4500 0
3.48999999999997 22.9 -20 0 -2290 4500 0
3.49999999999997 22.75 -20 0 -2275 4500 0
3.50999999999997 22.6 -20 0 -2260 4500 0
3.51999999999997 22.45 -20 0 -2245 4500 0
3.52999999999997 22.3 -20 0 -2230 4500 0
3.53999999999997 22.15 -20 0 -2215 4500 0
3.54999999999997 22 -20 0 -2200 4500 0
3.55999999999997 21.85 -20 0 -2185 4500 0
3.56999999999997 21.7 -20 0 -2170 4500 0
3.57999999999997 21.55 -20 0 -2155 4500 0
3.58999999999997 21.4 -20 0 -2140 4500 0
3.59999999999997 21.25 -20 0 -2125 4500 0
3.60999999999997 21.1 -20 0 -2110 4500 0
3.61999999999997 20.95 -20 0 -2095 4500 0
3.62999999999997 20.8 -20 0 -2080 4500 0
3.63999999999997 20.65 -20 0 -2065 4500 0
3.64999999999997 20.5 -20 0 -2050 4500 0
3.65999999999997 20.35 -20 0 -2035 4500 0
3.66999999999997 20.2 -20 0 -2020 4500 0
3.67999999999997 20.05 -20 0 -2005 4500 0
3.68999999999997 19.9 -20 0 -1990 4500 0
3.69999999999997 19.75 -20 0 -1975 4500 0
3.70999999999996 19.6 -20 0 -1960 4500 0
3.71999999999996 19.45 -20 0 -1945 4500 0
3.72999999999996 19.3 -20 0 -1930 4500 0
3.73999999999996 19.15 -20 0 -1915 4500 0
3.74999999999996 19 -20 0 -1900 4500 0
3.75999999999996 18.85 -20 0 -1885 4500 0
3.76999999999996 18.7 -20 0 -1870 4500 0
3.77999999999996 18.55 -20 0 -1855 4500 0
3.78999999999996 18.4 -20 0 -1840 4500 0
3.79999999999996 18.25 -20 0 -1825 4500 0
3.80999999999996 18.1 -20 0 -1810 4500 0
3.81999999999996 17.95 -20 0 -1795 4500 0
3.82999999999996 17.8 -20 0 -1780 4500 0
3.83999999999996 17.65 -20 0 -1765 4500 0
3.84999999999996 17.5 -20 0 -1750 4500 0
3.85999999999996 17.35 -20 0 -1735 4500 0
3.86999999999996 17.2 -20 0 -1720 4500 0
3.87999999999996 17.05 -20 0 -1705 4500 0
3.88999999999996 16.9 -20 0 -1690 4500 0
3.89999999999996 16.75 -20 0 -1675 4500 0
3.90999999999996 16.6 -20 0 -1660 4500 0
3.91999999999996 16.45 -20 0 -1645 4500 0
3.92999999999996 16.3 -20 0 -1630 4500 0
3.93999999999996 16.15 -20 0 -1615 4500 0
3.94999999999996 16 -20 0 -1600 4500 0
3.95999999999996 15.85 -20 0 -1585 4500 0
3.96999999999996 15.7 -20 0 -1570 4500 0
3.97999999999996 15.55 -20 0 -1555 4500 0
3.98999999999996 15.4 -20 0 -1540 4500 0
3.99999999999996 15.25 -20 0 -1525 4500 0
4.00999999999996 15.1 -20 0 -1510 4500 0
4.01999999999996 14.95 -20 0 -1495 4500 0
4.02999999999996 14.8 -20 0 -1480 4500 0
4.03999999999996 14.65 -20 0 -1465 4500 0
4.04999999999996 14.5 -20 0 -1450 4500 0
4.05999999999996 14.35 -20 0 -1435 4500 0
4.06999999999996 14.2 -20 0 -1420 4500 0
4.07999999999996 14.05 -20 0 -1405 4500 0
4.08999999999996 13.9 -20 0 -1390 4500 0
4.09999999999996 13.75 -20 0 -1375 4500 0
4.10999999999996 13.6 -20 0 -1360 4500 0
4.11999999999996 13.45 -20 0 -1345 4500 0
4.12999999999996 13.3 -20 0 -1330 4500 0
4.13999999999996 13.15 -20 0 -1315 4500 0
4.14999999999996 13 -20 0 -1300 4500 0
4.15999999999996 12.85 -20 0 -1285 4500 0
4.16999999999996 12.7 -20 0 -1270 4500 0
4.17999999999996 12.55 -20 0 -1255 4500 0
4.18999999999996 12.4 -20 0 -1240 4500 0
4.19999999999995 12.25 -20 0 -1225 4500 0
4.20999999999995 12.1 -20 0 -1210 4500 0
4.21999999999995 11.95 -20 0 -1195 4500 0
4.22999999999995 11.8 -20 0 -1180 4500 0
4.23999999999995 11.65 -20 0 -1165 4500 0
4.24999999999995 11.5 -20 0 -1150 4500 0
4.25999999999995 11.35 -20 0 -1135 4500 0
4.26999999999995 11.2 -20 0 -1120 4500 0
4.27999999999995 11.05 -20 0 -1105 4500 0
4.28999999999995 10.9 -20 0 -1090 4500 0
4.29999999999995 10.75 -20 0 -1075 4500 0
4.30999999999995 10.6 -20 0 -1060 4500 0
4.31999999999995 10.45 -20 0 -1045 4500 0
4.32999999999995 10.3 -20 0 -1030 4500 0
4.33999999999995 10.15 -20 0 -1015 4500 0
4.34999999999995 10 -20 0 -1000 4500 0
4.35999999999995 9.85 -20 0 -985 4500 0
4.36999999999995 9.7 -20 0 -970 4500 0
4.37999999999995 9.55 -20 0 -955 4500 0
4.38999999999995 9.4 -20 0 -940 4500 0
4.39999999999995 9.25 -20 0 -925 4500 0
4.40999999999995 9.1 -20 0 -910 4500 0
4.41999999999995 8.95 -20 0 -895 4500 0
4.42999999999995 8.8 -20 0 -880 4500 0
4.43999999999995 8.65 -20 0 -865 4500 0
4.44999999999995 8.5 -20 0 -850 4500 0
4.45999999999995 8.35 -20 0 -835 4500 0
4.46999999999995 8.2 -20 0 -820 4500 0
4.47999999999995 8.05 -20 0 -805 4500 0
4.48999999999995 7.9 -20 0 -790 4500 0
4.49999999999995 7.75 -20 0 -775 4500 0
4.50999999999995 7.6 -20 0 -760 4500 0
4.51999999999995 7.45 -20 0 -745 4500 0
4.52999999999995 7.3 -20 0 -730 4500 0
4.53999999999995 7.15 -20 0 -715 4500 0
4.54999999999995 7 -20 0 -700 4500 0
4.55999999999995 6.85 -20 0 -685 4500 0
4.56999999999995 6.7 -20 0 -670 4500 0
4.57999999999995 6.55 -20 0 -655 4500 0
4.58999999999995 6.4 -20 0 -640 4500 0
4.59999999999995 6.25 -20 0 -625 4500 0
4.60999999999995 6.1 -20 0 -610 4500 0
4.61999999999995 5.95 -20 0 -595 4500 0
4.62999999999995 5.8 -20 0 -580 4500 0
4.63999999999995 5.65 -20 0 -565 4500 0
4.64999999999995 5.5 -20 0 -550 4500 0
4.65999999999995 5.35 -20 0 -535 4500 0
4.66999999999994 5.2 -20 0 -520 4500 0
4.67999999999994 5.05 -20 0 -505 4500 0
4.68999999999994 4.9 -20 0 -490 4500 0
4.69999999999994 4.75 -20 0 -475 4500 0
4.70999999999994 4.6 -20 0 -460 4500 0
4.71999999999994 4.45 -20 0 -445 4500 0
4.72999999999994 4.3 -20 0 -430 4500 0
4.73999999999994 4.15 -20 0 -415 4500 0
4.74999999999994 4 -20 0 -400 4500 0
4.75999999999994 3.85 -20 0 -385 4500 0
4.76999999999994 3.7 -20 0 -370 4500 0
4.77999999999994 3.55 -20 0 -355 4500 0
4.78999999999994 3.4 -20 0 -340 4500 0
4.79999999999994 3.25 -20 0 -325 4500 0
4.80999999999994 3.1 -20 0 -310 4500 0
4.81999999999994 2.95 -20 0 -295 4500 0
4.82999999999994 2.8 -20 0 -280 4500 0
4.83999999999994 2.65 -20 0 -265 4500 0
4.84999999999994 2.5 -20 0 -250 4500 0
4.85999999999994 2.35 -20 0 -235 4500 0
4.86999999999994 2.2 -20 0 -220 4500 0
4.87999999999994 2.05 -20 0 -205 4500 0
4.88999999999994 1.9 -20 0 -190 4500 0
4.89999999999994 1.75 -20 0 -175 4500 0
4.90999999999994 1.6 -20 0 -160 4500 0
4.91999999999994 1.45 -20 0 -145 4500 0
4.92999999999994 1.3 -20 0 -130 4500 0
4.93999999999994 1.15 -20 0 -115 4500 0
4.94999999999994 0.999999999999998 -20 0 -99.9999999999998 4500 0
4.95999999999994 0.849999999999996 -20 0 -84.9999999999996 4500 0
4.96999999999994 0.699999999999999 -20 0 -69.9999999999999 4500 0
4.97999999999994 0.549999999999995 -20 0 -54.9999999999995 4500 0
4.98999999999994 0.399999999999999 -20 0 -39.9999999999999 4500 0
4.99999999999994 0.249999999999995 -20 0 -24.9999999999995 4500 0
5.00999999999994 0.0999999999999996 -20 0 -9.99999999999996 4500 0
5.01999999999994 -0.0500000000000007 -20 0 5.00000000000007 4500 0
5.02999999999994 -0.199999999999999 -20 0 19.9999999999999 4500 0
5.03999999999994 -0.350000000000001 -20 0 35.0000000000001 4500 0
5.04999999999994 -0.5 -20 0 50 4500 0
5.05999999999994 -0.650000000000002 -20 0 65.0000000000002 4500 0
5.06999999999994 -0.800000000000001 -20 0 80.0000000000001 4500 0
5.07999999999994 -0.949999999999999 -20 0 94.9999999999999 4500 0
5.08999999999994 -1.1 -20 0 110 4500 0
5.09999999999994 -1.25 -20 0 125 4500 0
5.10999999999994 -1.4 -20 0 140 4500 0
5.11999999999994 -1.55 -20 0 155 4500 0
5.12999999999994 -1.7 -20 0 170 4500 0
5.13999999999993 -1.85 -20 0 185 4500 0
5.14999999999993 -2 -20 0 200 4500 0
5.15999999999993 -2.15 -20 0 215 4500 0
5.16999999999993 -2.3 -20 0 230 4500 0
5.17999999999993 -2.45 -20 0 245 4500 0
5.18999999999993 -2.6 -20 0 260 4500 0
5.19999999999993 -2.75 -20 0 275 4500 0
5.20999999999993 -2.9 -20 0 290 4500 0
5.21999999999993 -3.05 -20 0 305 4500 0
5.22999999999993 -3.2 -20 0 320 4500 0
5.23999999999993 -3.35 -20 0 335 4500 0
5.24999999999993 -3.5 -20 0 350 4500 0
5.25999999999993 -3.65 -20 0 365 4500 0
5.26999999999993 -3.8 -20 0 380 4500 0
5.27999999999993 -3.95 -20 0 395 4500 0
5.28999999999993 -4.1 -20 0 410.000000000001 4500 0
5.29999999999993 -4.25 -20 0 425 4500 0
5.30999999999993 -4.40000000000001 -20 0 440.000000000001 4500 0
5.31999999999993 -4.55 -20 0 455 4500 0
5.32999999999993 -4.7 -20 0 470 4500 0
5.33999999999993 -4.85 -20 0 485.000000000001 4500 0
5.34999999999993 -5 -20 0 500 4500 0
5.35999999999993 -5.15 -20 0 515 4500 0
5.36999999999993 -5.3 -20 0 530 4500 0
5.37999999999993 -5.45 -20 0 545 4500 0
5.38999999999993 -5.6 -20 0 560 4500 0
5.39999999999993 -5.75 -20 0 575 4500 0
5.40999999999993 -5.9 -20 0 590 4500 0
5.41999999999993 -6.05 -20 0 605 4500 0
5.42999999999993 -6.2 -20 0 620 4500 0
5.43999999999993 -6.35 -20 0 635 4500 0
5.44999999999993 -6.5 -20 0 650 4500 0
5.45999999999993 -6.65 -20 0 665 4500 0
5.46999999999993 -6.8 -20 0 680 4500 0
5.47999999999993 -6.95 -20 0 695 4500 0
5.48999999999993 -7.1 -20 0 710 4500 0
5.49999999999993 -7.25 -20 0 725 4500 0
5.50999999999993 -7.4 -20 0 740 4500 0
5.51999999999993 -7.55 -20 0 755 4500 0
5.52999999999993 -7.7 -20 0 770 4500 0
5.53999999999993 -7.85 -20 0 785 4500 0
5.54999999999993 -8 -20 0 800 4500 0
5.55999999999993 -8.15 -20 0 815 4500 0
5.56999999999993 -8.3 -20 0 830 4500 0
5.57999999999993 -8.45 -20 0 845 4500 0
5.58999999999993 -8.6 -20 0 860 4500 0
5.59999999999993 -8.75 -20 0 875 4500 0
5.60999999999992 -8.9 -20 0 890 4500 0
5.61999999999992 -9.05 -20 0 905 4500 0
5.62999999999992 -9.2 -20 0 920 4500 0
5.63999999999992 -9.35 -20 0 935 4500 0
5.64999999999992 -9.5 -20 0 950 4500 0
5.65999999999992 -9.65 -20 0 965 4500 0
5.66999999999992 -9.8 -20 0 980 4500 0
5.67999999999992 -9.95 -20 0 995 4500 0
5.68999999999992 -10.1 -20 0 1010 4500 0
5.69999999999992 -10.25 -20 0 1025 4500 0
5.70999999999992 -10.4 -20 0 1040 4500 0
5.71999999999992 -10.55 -20 0 1055 4500 0
5.72999999999992 -10.7 -20 0 1070 4500 0
5.73999999999992 -10.85 -20 0 1085 4500 0
5.74999999999992 -11 -20 0 1100 4500 0
5.75999999999992 -11.15 -20 0 1115 4500 0
5.76999999999992 -11.3 -20 0 1130 4500 0
5.77999999999992 -11.45 -20 0 1145 4500 0
5.78999999999992 -11.6 -20 0 1160 4500 0
5.79999999999992 -11.75 -20 0 1175 4500 0
5.80999999999992 -11.9 -20 0 1190 4500 0
5.81999999999992 -12.05 -20 0 1205 4500 0
5.82999999999992 -12.2 -20 0 1220 4500 0
5.83999999999992 -12.35 -20 0 1235 4500 0
5.84999999999992 -12.5 -20 0 1250 4500 0
5.85999999999992 -12.65 -20 0 1265 4500 0
5.86999999999992 -12.8 -20 0 1280 4500 0
5.87999999999992 -12.95 -20 0 1295 4500 0
5.88999999999992 -13.1 -20 0 1310 4500 0
5.89999999999992 -13.25 -20 0 1325 4500 0
5.90999999999992 -13.4 -20 0 1340 4500 0
5.91999999999992 -13.55 -20 0 1355 4500 0
5.92999999999992 -13.7 -20 0 1370 4500 0
5.93999999999992 -13.85 -20 0 1385 4500 0
5.94999999999992 -14 -20 0 1400 4500 0
5.95999999999992 -14.15 -20 0 1415 4500 0
5.96999999999992 -14.3 -20 0 1430 4500 0
5.97999999999992 -14.45 -20 0 1445 4500 0
5.98999999999992 -14.6 -20 0 1460 4500 0
5.99999999999992 -14.75 -20 0 1475 4500 0
6.00999999999992 -14.9 -20 0 1490 4500 0
6.01999999999992 -15.05 -20 0 1505 4500 0
6.02999999999992 -15.2 -20 0 1520 4500 0
6.03999999999992 -15.35 -20 0 1535 4500 0
6.04999999999992 -15.5 -20 0 1550 4500 0
6.05999999999992 -15.65 -20 0 1565 4500 0
6.06999999999992 -15.8 -20 0 1580 4500 0
6.07999999999991 -15.95 -20 0 1595 4500 0
6.08999999999991 -16.1 -20 0 1610 4500 0
6.09999999999991 -16.25 -20 0 1625 4500 0
6.10999999999991 -16.4 -20 0 1640 4500 0
6.11999999999991 -16.55 -20 0 1655 4500 0
6.12999999999991 -16.7 -20 0 1670 4500 0
6.13999999999991 -16.85 -20 0 1685 4500 0
6.14999999999991 -17 -20 0 1700 4500 0
6.15999999999991 -17.15 -20 0 1715 4500 0
6.16999999999991 -17.3 -20 0 1730 4500 0
6.17999999999991 -17.45 -20 0 1745 4500 0
6.18999999999991 -17.6 -20 0 1760 4500 0
6.19999999999991 -17.75 -20 0 1775 4500 0
6.20999999999991 -17.9 -20 0 1790 4500 0
6.21999999999991 -18.05 -20 0 1805 4500 0
6.22999999999991 -18.2 -20 0 1820 4500 0
6.23999999999991 -18.35 -20 0 1835 4500 0
6.24999999999991 -18.5 -20 0 1850 4500 0
6.25999999999991 -18.65 -20 0 1865 4500 0
6.26999999999991 -18.8 -20 0 1880 4500 0
6.27999999999991 -18.95 -20 0 1895 4500 0
6.28999999999991 -19.1 -20 0 1910 4500 0
6.29999999999991 -19.25 -20 0 1925 4500 0
6.30999999999991 -19.4 -20 0 1940 4500 0
6.31999999999991 -19.55 -20 0 1955 4500 0
6.32999999999991 -19.7 -20 0 1970 4500 0
6.33999999999991 -19.85 -20 0 1985 4500 0
6.34999999999991 -20 -20 0 2000 4500 0
6.35999999999991 -20.15 -20 0 2015 4500 0
6.36999999999991 -20.3 -20 0 2030 4500 0
6.37999999999991 -20.45 -20 0 2045 4500 0
6.38999999999991 -20.6 -20 0 2060 4500 0
6.39999999999991 -20.75 -20 0 2075 4500 0
6.40999999999991 -20.9 -20 0 2090 4500 0
6.41999999999991 -21.05 -20 0 2105 4500 0
6.42999999999991 -21.2 -20 0 2120 4500 0
6.43999999999991 -21.35 -20 0 2135 4500 0
6.44999999999991 -21.5 -20 0 2150 4500 0
6.45999999999991 -21.65 -20 0 2165 4500 0
6.46999999999991 -21.8 -20 0 2180 4500 0
6.47999999999991 -21.95 -20 0 2195 4500 0
6.48999999999991 -22.1 -20 0 2210 4500 0
6.49999999999991 -22.25 -20 0 2225 4500 0
6.50999999999991 -22.4 -20 0 2240 4500 0
6.51999999999991 -22.55 -20 0 2255 4500 0
6.52999999999991 -22.7 -20 0 2270 4500 0
6.53999999999991 -22.85 -20 0 2285 4500 0
6.5499999999999 -23 -20 0 2300 4500 0
6.5599999999999 -23.15 -20 0 2315 4500 0
6.5699999999999 -23.3 -20 0 2330 4500 0
6.5799999999999 -23.45 -20 0 2345 4500 0
6.5899999999999 -23.6 -20 0 2360 4500 0
6.5999999999999 -23.75 -20 0 2375 4500 0
6.6099999999999 -23.9 -20 0 2390 4500 0
6.6199999999999 -24.05 -20 0 2405 4500 0
6.6299999999999 -24.2 -20 0 2420 4500 0
6.6399999999999 -24.35 -20 0 2435 4500 0
6.6499999999999 -24.5 -20 0 2450 4500 0
6.6599999999999 -24.65 -20 0 2465 4500 0
6.6699999999999 -24.8 -20 0 2480 4500 0
6.6799999999999 -24.95 -20 0 2495 4500 0
6.6899999999999 -25 -20 0 2500 4500 0
6.6999999999999 -24.925 -19.865 0 2492.5 4486.5 0
6.7099999999999 -24.85 -19.73 0 2485 4473 0
6.7199999999999 -24.775 -19.595 0 2477.5 4459.5 0
6.7299999999999 -24.7 -19.46 0 2470 4446 0
6.7399999999999 -24.625 -19.325 0 2462.5 4432.5 0
6.7499999999999 -24.55 -19.19 0 2455 4419 0
6.7599999999999 -24.475 -19.055 0 2447.5 4405.5 0
6.7699999999999 -24.4 -18.92 0 2440 4392 0
6.7799999999999 -24.325 -18.785 0 2432.5 4378.5 0
6.7899999999999 -24.25 -18.65 0 2425 4365 0
6.7999999999999 -24.175 -18.515 0 2417.5 4351.5 0
6.8099999999999 -24.1 -18.38 0 2410 4338 0
6.8199999999999 -24.025 -18.245 0 2402.5 4324.5 0
6.8299999999999 -23.95 -18.11 0 2395 4311 0
6.8399999999999 -23.875 -17.975 0 2387.5 4297.5 0
6.8499999999999 -23.8 -17.84 0 2380 4284 0
6.8599999999999 -23.725 -17.705 0 2372.5 4270.5 0
6.8699999999999 -23.65 -17.57 0 2365 4257 0
6.8799999999999 -23.575 -17.435 0 2357.5 4243.5 0
6.8899999999999 -23.5 -17.3 0 2350 4230 0
6.8999999999999 -23.425 -17.165 0 2342.5 4216.5 0
6.9099999999999 -23.35 -17.03 0 2335 4203 0
6.9199999999999 -23.275 -16.895 0 2327.5 4189.5 0
6.9299999999999 -23.2 -16.76 0 2320 4176 0
6.9399999999999 -23.125 -16.625 0 2312.5 4162.5 0
6.9499999999999 -23.05 -16.49 0 2305 4149 0
6.9599999999999 -22.975 -16.355 0 2297.5 4135.5 0
6.9699999999999 -22.9 -16.22 0 2290 4122 0
6.9799999999999 -22.825 -16.085 0 2282.5 4108.5 0
6.9899999999999 -22.75 -15.95 0 2275 4095 0
6.9999999999999 -22.675 -15.815 0 2267.5 4081.5 0
7.00999999999989 -22.6 -15.68 0 2260 4068 0
7.01999999999989 -22.525 -15.545 0 2252.5 4054.5 0
7.02999999999989 -22.45 -15.41 0 2245 4041 0
7.03999999999989 -22.375 -15.275 0 2237.5 4027.5 0
7.04999999999989 -22.3 -15.14 0 2230 4014 0
7.05999999999989 -22.225 -15.005 0 2222.5 4000.5 0
7.06999999999989 -22.15 -14.87 0 2215 3987 0
7.07999999999989 -22.075 -14.735 0 2207.5 3973.5 0
7.08999999999989 -22 -14.6 0 2200 3960 0
7.09999999999989 -21.925 -14.465 0 2192.5 3946.5 0
7.10999999999989 -21.85 -14.33 0 2185 3933 0
7.11999999999989 -21.775 -14.195 0 2177.5 3919.5 0
7.12999999999989 -21.7 -14.06 0 2170 3906 0
7.13999999999989 -21.625 -13.925 0 2162.5 3892.5 0
7.14999999999989 -21.55 -13.79 0 2155 3879 0
7.15999999999989 -21.475 -13.655 0 2147.5 3865.5 0
7.16999999999989 -21.4 -13.52 0 2140 3852 0
7.17999999999989 -21.325 -13.385 0 2132.5 3838.5 0
7.18999999999989 -21.25 -13.25 0 2125 3825 0
7.19999999999989 -21.175 -13.115 0 2117.5 3811.5 0
7.20999999999989 -21.1 -12.98 0 2110 3798 0
7.21999999999989 -21.025 -12.845 0 2102.5 3784.5 0
7.22999999999989 -20.95 -12.71 0 2095 3771 0
7.23999999999989 -20.875 -12.575 0 2087.5 3757.5 0
7.24999999999989 -20.8 -12.44 0 2080 3744 0
7.25999999999989 -20.725 -12.305 0 2072.5 3730.5 0
7.26999999999989 -20.65 -12.17 0 2065 3717 0
7.27999999999989 -20.575 -12.035 0 2057.5 3703.5 0
7.28999999999989 -20.5 -11.9 0 2050 3690 0
7.29999999999989 -20.425 -11.765 0 2042.5 3676.5 0
7.30999999999989 -20.35 -11.63 0 2035 3663 0
7.31999999999989 -20.275 -11.495 0 2027.5 3649.5 0
7.32999999999989 -20.2 -11.36 0 2020 3636 0
7.33999999999989 -20.125 -11.225 0 2012.5 3622.5 0
7.34999999999989 -20.05 -11.09 0 2005 3609 0
7.35999999999989 -19.975 -10.955 0 1997.5 3595.5 0
7.36999999999989 -19.9 -10.82 0 1990 3582 0
7.37999999999989 -19.825 -10.685 0 1982.5 3568.5 0
7.38999999999989 -19.75 -10.55 0 1975 3555 0
7.39999999999989 -19.675 -10.415 0 1967.5 3541.5 0
7.40999999999989 -19.6 -10.28 0 1960 3528 0
7.41999999999989 -19.525 -10.145 0 1952.5 3514.5 0
7.42999999999989 -19.45 -10.01 0 1945 3501 0
7.43999999999989 -19.375 -9.875 0 1937.5 3487.5 0
7.44999999999989 -19.3 -9.74 0 1930 3474 0
7.45999999999989 -19.225 -9.605 0 1922.5 3460.5 0
7.46999999999989 -19.15 -9.47 0 1915 3447 0
7.47999999999988 -19.075 -9.335 0 1907.5 3433.5 0
7.48999999999988 -19 -9.2 0 1900 3420 0
7.49999999999988 -18.925 -9.065 0 1892.5 3406.5 0
7.50999999999988 -18.85 -8.93 0 1885 3393 0
7.51999999999988 -18.775 -8.795 0 1877.5 3379.5 0
7.52999999999988 -18.7 -8.66 0 1870 3366 0
7.53999999999988 -18.625 -8.525 0 1862.5 3352.5 0
7.54999999999988 -18.55 -8.39 0 1855 3339 0
7.55999999999988 -18.475 -8.255 0 1847.5 3325.5 0
7.56999999999988 -18.4 -8.12 0 1840 3312 0
7.57999999999988 -18.325 -7.985 0 1832.5 3298.5 0
7.58999999999988 -18.25 -7.85 0 1825 3285 0
7.59999999999988 -18.175 -7.715 0 1817.5 3271.5 0
7.60999999999988 -18.1 -7.58 0 1810 3258 0
7.61999999999988 -18.025 -7.445 0 1802.5 3244.5 0
7.62999999999988 -17.95 -7.31 0 1795 3231 0
7.63999999999988 -17.875 -7.175 0 1787.5 3217.5 0
7.64999999999988 -17.8 -7.04 0 1780 3204 0
7.65999999999988 -17.725 -6.905 0 1772.5 3190.5 0
7.66999999999988 -17.65 -6.77 0 1765 3177 0
7.67999999999988 -17.575 -6.635 0 1757.5 3163.5 0
7.68999999999988 -17.5 -6.5 0 1750 3150 0
7.69999999999988 -17.425 -6.365 0 1742.5 3136.5 0
7.70999999999988 -17.35 -6.23 0 1735 3123 0
7.71999999999988 -17.275 -6.095 0 1727.5 3109.5 0
7.72999999999988 -17.2 -5.96 0 1720 3096 0
7.73999999999988 -17.125 -5.825 0 1712.5 3082.5 0
7.74999999999988 -17.05 -5.69 0 1705 3069 0
7.75999999999988 -16.975 -5.555 0 1697.5 3055.5 0
7.76999999999988 -16.9 -5.42 0 1690 3042 0
7.77999999999988 -16.825 -5.285 0 1682.5 3028.5 0
7.78999999999988 -16.75 -5.15 0 1675 3015 0
7.79999999999988 -16.675 -5.015 0 1667.5 3001.5 0
7.80999999999988 -16.6 -4.88 0 1660 2988 0
7.81999999999988 -16.525 -4.745 0 1652.5 2974.5 0
7.82999999999988 -16.45 -4.61 0 1645 2961 0
7.83999999999988 -16.375 -4.475 0 1637.5 2947.5 0
7.84999999999988 -16.3 -4.34 0 1630 2934 0
7.85999999999988 -16.225 -4.205 0 1622.5 2920.5 0
7.86999999999988 -16.15 -4.07 0 1615 2907 0
7.87999999999988 -16.075 -3.935 0 1607.5 2893.5 0
7.88999999999988 -16 -3.8 0 1600 2880 0
7.89999999999988 -15.925 -3.665 0 1592.5 2866.5 0
7.90999999999988 -15.85 -3.53 0 1585 2853 0
7.91999999999988 -15.775 -3.395 0 1577.5 2839.5 0
7.92999999999988 -15.7 -3.26 0 1570 2826 0
7.93999999999988 -15.625 -3.125 0 1562.5 2812.5 0
7.94999999999987 -15.55 -2.99 0 1555 2799 0
7.95999999999987 -15.475 -2.855 0 1547.5 2785.5 0
7.96999999999987 -15.4 -2.72 0 1540 2772 0
7.97999999999987 -15.325 -2.585 0 1532.5 2758.5 0
7.98999999999987 -15.25 -2.45 0 1525 2745 0
7.99999999999987 -15.175 -2.315 0 1517.5 2731.5 0
8.00999999999987 -15.1 -2.18 0 1510 2718 0
8.01999999999987 -15.025 -2.045 0 1502.5 2704.5 0
8.02999999999987 -14.95 -1.91 0 1495 2691 0
8.03999999999987 -14.875 -1.775 0 1487.5 2677.5 0
8.04999999999987 -14.8 -1.64 0 1480 2664 0
8.05999999999987 -14.725 -1.505 0 1472.5 2650.5 0
8.06999999999987 -14.65 -1.37 0 1465 2637 0
8.07999999999987 -14.575 -1.235 0 1457.5 2623.5 0
8.08999999999987 -14.5 -1.1 0 1450 2610 0
8.09999999999987 -14.425 -0.964999999999998 0 1442.5 2596.5 0
8.10999999999987 -14.35 -0.829999999999998 0 1435 2583 0
8.11999999999987 -14.275 -0.694999999999997 0 1427.5 2569.5 0
8.12999999999987 -14.2 -0.559999999999999 0 1420 2556 0
8.13999999999987 -14.125 -0.424999999999999 0 1412.5 2542.5 0
8.14999999999987 -14.05 -0.290000000000003 0 1405 2529 0
8.15999999999987 -13.975 -0.154999999999999 0 1397.5 2515.5 0
8.16999999999987 -13.9 -0.0200000000000014 0 1390 2502 0
8.17999999999987 -13.825 0.115000000000002 0 1382.5 2488.5 0
8.18999999999987 -13.75 0.25 0 1375 2475 0
8.19999999999987 -13.675 0.385000000000003 0 1367.5 2461.5 0
8.20999999999987 -13.6 0.52 0 1360 2448 0
8.21999999999987 -13.525 0.655000000000001 0 1352.5 2434.5 0
8.22999999999987 -13.45 0.789999999999999 0 1345 2421 0
8.23999999999987 -13.375 0.925000000000001 0 1337.5 2407.5 0
8.24999999999987 -13.3 1.06 0 1330 2394 0
8.25999999999987 -13.225 1.195 0 1322.5 2380.5 0
8.26999999999987 -13.15 1.33 0 1315 2367 0
8.27999999999987 -13.075 1.465 0 1307.5 2353.5 0
8.28999999999987 -13 1.6 0 1300 2340 0
8.29999999999987 -12.925 1.735 0 1292.5 2326.5 0
8.30999999999987 -12.85 1.87 0 1285 2313 0
8.31999999999987 -12.775 2.005 0 1277.5 2299.5 0
8.32999999999987 -12.7 2.14 0 1270 2286 0
8.33999999999987 -12.625 2.275 0 1262.5 2272.5 0
8.34999999999987 -12.55 2.41 0 1255 2259 0
8.35999999999987 -12.475 2.545 0 1247.5 2245.5 0
8.36999999999987 -12.4 2.68 0 1240 2232 0
8.37999999999987 -12.325 2.815 0 1232.5 2218.5 0
8.38999999999987 -12.25 2.95 0 1225 2205 0
8.39999999999987 -12.175 3.085 0 1217.5 2191.5 0
8.40999999999987 -12.1 3.22 0 1210 2178 0
8.41999999999986 -12.025 3.355 0 1202.5 2164.5 0
8.42999999999986 -11.95 3.49 0 1195 2151 0
8.43999999999986 -11.875 3.625 0 1187.5 2137.5 0
8.44999999999986 -11.8 3.76 0 1180 2124 0
8.45999999999986 -11.725 3.895 0 1172.5 2110.5 0
8.46999999999986 -11.65 4.03 0 1165 2097 0
8.47999999999986 -11.575 4.165 0 1157.5 2083.5 0
8.48999999999986 -11.5 4.3 0 1150 2070 0
8.49999999999986 -11.425 4.435 0 1142.5 2056.5 0
8.50999999999986 -11.35 4.57 0 1135 2043 0
8.51999999999986 -11.275 4.705 0 1127.5 2029.5 0
8.52999999999986 -11.2 4.84 0 1120 2016 0
8.53999999999986 -11.125 4.975 0 1112.5 2002.5 0
8.54999999999986 -11.05 5.11 0 1105 1989 0
8.55999999999986 -10.975 5.245 0 1097.5 1975.5 0
8.56999999999986 -10.9 5.38 0 1090 1962 0
8.57999999999986 -10.825 5.515 0 1082.5 1948.5 0
8.58999999999986 -10.75 5.65 0 1075 1935 0
8.59999999999986 -10.675 5.785 0 1067.5 1921.5 0
8.60999999999986 -10.6 5.92 0 1060 1908 0
8.61999999999986 -10.525 6.055 0 1052.5 1894.5 0
8.62999999999986 -10.45 6.19 0 1045 1881 0
8.63999999999986 -10.375 6.325 0 1037.5 1867.5 0
8.64999999999986 -10.3 6.46 0 1030 1854 0
8.65999999999986 -10.225 6.595 0 1022.5 1840.5 0
8.66999999999986 -10.15 6.73 0 1015 1827 0
8.67999999999986 -10.075 6.865 0 1007.5 1813.5 0
8.68999999999986 -10 7 0 1000 1800 0
8.69999999999986 -9.925 7.135 0 992.5 1786.5 0
8.70999999999986 -9.85 7.27 0 985 1773 0
8.71999999999986 -9.775 7.405 0 977.5 1759.5 0
8.72999999999986 -9.7 7.54 0 970 1746 0
8.73999999999986 -9.625 7.675 0 962.5 1732.5 0
8.74999999999986 -9.55 7.81 0 955 1719 0
8.75999999999986 -9.475 7.945 0 947.5 1705.5 0
8.76999999999986 -9.4 8.08 0 940 1692 0
8.77999999999986 -9.325 8.215 0 932.5 1678.5 0
8.78999999999986 -9.25 8.35 0 925 1665 0
8.79999999999986 -9.175 8.485 0 917.5 1651.5 0
8.80999999999986 -9.1 8.62 0 910 1638 0
8.81999999999986 -9.025 8.755 0 902.5 1624.5 0
8.82999999999986 -8.95 8.89 0 895 1611 0
8.83999999999986 -8.875 9.025 0 887.5 1597.5 0
8.84999999999986 -8.8 9.16 0 880 1584 0
8.85999999999986 -8.725 9.295 0 872.5 1570.5 0
8.86999999999986 -8.65 9.43 0 865 1557 0
8.87999999999986 -8.575 9.565 0 857.5 1543.5 0
8.88999999999985 -8.5 9.7 0 850 1530 0
8.89999999999985 -8.425 9.835 0 842.5 1516.5 0
8.90999999999985 -8.35 9.97 0 835 1503 0
8.91999999999985 -8.275 10.105 0 827.5 1489.5 0
8.92999999999985 -8.2 10.24 0 820 1476 0
8.93999999999985 -8.125 10.375 0 812.5 1462.5 0
8.94999999999985 -8.05 10.51 0 805 1449 0
8.95999999999985 -7.975 10.645 0 797.5 1435.5 0
8.96999999999985 -7.9 10.78 0 790 1422 0
8.97999999999985 -7.825 10.915 0 782.5 1408.5 0
8.98999999999985 -7.75 11.05 0 775 1395 0
8.99999999999985 -7.675 11.185 0 767.5 1381.5 0
9.00999999999985 -7.6 11.32 0 760 1368 0
9.01999999999985 -7.525 11.455 0 752.5 1354.5 0
9.02999999999985 -7.45 11.59 0 745 1341 0
9.03999999999985 -7.375 11.725 0 737.5 1327.5 0
9.04999999999985 -7.3 11.86 0 730 1314 0
9.05999999999985 -7.225 11.995 0 722.5 1300.5 0
9.06999999999985 -7.15 12.13 0 715 1287 0
9.07999999999985 -7.075 12.265 0 707.5 1273.5 0
9.08999999999985 -7 12.4 0 700 1260 0
9.09999999999985 -6.925 12.535 0 692.5 1246.5 0
9.10999999999985 -6.85 12.67 0 685 1233 0
9.11999999999985 -6.775 12.805 0 677.5 1219.5 0
9.12999999999985 -6.7 12.94 0 670 1206 0
9.13999999999985 -6.625 13.075 0 662.5 1192.5 0
9.14999999999985 -6.55 13.21 0 655 1179 0
9.15999999999985 -6.475 13.345 0 647.5 1165.5 0
9.16999999999985 -6.4 13.48 0 640 1152 0
9.17999999999985 -6.325 13.615 0 632.5 1138.5 0
9.18999999999985 -6.25 13.75 0 625 1125 0
9.19999999999985 -6.175 13.885 0 617.5 1111.5 0
9.20999999999985 -6.1 14.02 0 610 1098 0
9.21999999999985 -6.025 14.155 0 602.5 1084.5 0
9.22999999999985 -5.95 14.29 0 595 1071 0
9.23999999999985 -5.875 14.425 0 587.5 1057.5 0
9.24999999999985 -5.8 14.56 0 580 1044 0
9.25999999999985 -5.725 14.695 0 572.5 1030.5 0
9.26999999999985 -5.65 14.83 0 565 1017 0
9.27999999999985 -5.575 14.965 0 557.5 1003.5 0
9.28999999999985 -5.5 15.1 0 550 990 0
9.29999999999985 -5.425 15.235 0 542.5 976.5 0
9.30999999999985 -5.35 15.37 0 535 963 0
9.31999999999985 -5.275 15.505 0 527.5 949.5 0
9.32999999999985 -5.2 15.64 0 520 936 0
9.33999999999985 -5.125 15.775 0 512.5 922.5 0
9.34999999999985 -5.05 15.91 0 505 909 0
9.35999999999984 -4.975 16.045 0 497.5 895.5 0
9.36999999999984 -4.9 16.18 0 490 882 0
9.37999999999984 -4.825 16.315 0 482.5 868.5 0
9.38999999999984 -4.75 16.45 0 475 855 0
9.39999999999984 -4.675 16.585 0 467.5 841.5 0
9.40999999999984 -4.6 16.72 0 460 828 0
9.41999999999984 -4.525 16.855 0 452.5 814.5 0
9.42999999999984 -4.45 16.99 0 445 801 0
9.43999999999984 -4.375 17.125 0 437.5 787.5 0
9.44999999999984 -4.3 17.26 0 430 773.999999999999 0
9.45999999999984 -4.225 17.395 0 422.5 760.5 0
9.46999999999984 -4.15 17.53 0 415 747 0
9.47999999999984 -4.075 17.665 0 407.5 733.5 0
9.48999999999984 -4 17.8 0 400 720 0
9.49999999999984 -3.925 17.935 0 392.5 706.499999999999 0
9.50999999999984 -3.85 18.07 0 385 693 0
9.51999999999984 -3.775 18.205 0 377.5 679.5 0
9.52999999999984 -3.7 18.34 0 370 666 0
9.53999999999984 -3.625 18.475 0 362.5 652.5 0
9.54999999999984 -3.55 18.61 0 355 638.999999999999 0
9.55999999999984 -3.475 18.745 0 347.5 625.5 0
9.56999999999984 -3.4 18.88 0 340 612 0
9.57999999999984 -3.325 19.015 0 332.5 598.499999999999 0
9.58999999999984 -3.25 19.15 0 325 585 0
9.59999999999984 -3.175 19.285 0 317.5 571.5 0
9.60999999999984 -3.1 19.42 0 310 558 0
9.61999999999984 -3.025 19.555 0 302.5 544.5 0
9.62999999999984 -2.95 19.69 0 295 531 0
9.63999999999984 -2.875 19.825 0 287.5 517.5 0
9.64999999999984 -2.8 19.96 0 280 504 0
9.65999999999984 -2.725 20.095 0 272.5 490.5 0
9.66999999999984 -2.65 20.23 0 265 477 0
9.67999999999984 -2.575 20.365 0 257.5 463.5 0
9.68999999999984 -2.5 20.5 0 250 450 0
9.69999999999984 -2.425 20.635 0 242.5 436.5 0
9.70999999999984 -2.35 20.77 0 235 423 0
9.71999999999984 -2.275 20.905 0 227.5 409.5 0
9.72999999999984 -2.2 21.04 0 220 396 0
9.73999999999984 -2.125 21.175 0 212.5 382.5 0
9.74999999999984 -2.05 21.31 0 205 369 0
9.75999999999984 -1.975 21.445 0 197.5 355.5 0
9.76999999999984 -1.9 21.58 0 190 342 0
9.77999999999984 -1.825 21.715 0 182.5 328.5 0
9.78999999999984 -1.75 21.85 0 175 315 0
9.79999999999984 -1.675 21.985 0 167.5 301.5 0
9.80999999999984 -1.6 22.12 0 160 288 0
9.81999999999984 -1.525 22.255 0 152.5 274.5 0
9.82999999999983 -1.45 22.39 0 145 261 0
9.83999999999983 -1.375 22.525 0 137.5 247.5 0
9.84999999999983 -1.3 22.66 0 130 234 0
9.85999999999983 -1.225 22.795 0 122.5 220.5 0
9.86999999999983 -1.15 22.93 0 115 207 0
9.87999999999983 -1.075 23.065 0 107.5 193.5 0
9.88999999999983 -0.999999999999998 23.2 0 99.9999999999998 179.999999999999 0
9.89999999999983 -0.924999999999998 23.335 0 92.4999999999998 166.5 0
9.90999999999983 -0.849999999999998 23.47 0 84.9999999999998 153 0
9.91999999999983 -0.774999999999998 23.605 0 77.4999999999998 139.5 0
9.92999999999983 -0.699999999999998 23.74 0 69.9999999999998 126 0
9.93999999999983 -0.624999999999998 23.875 0 62.4999999999998 112.499999999999 0
9.94999999999983 -0.549999999999998 24.01 0 54.9999999999998 98.9999999999995 0
9.95999999999983 -0.474999999999998 24.145 0 47.4999999999998 85.4999999999997 0
9.96999999999983 -0.399999999999998 24.28 0 39.9999999999998 71.9999999999995 0
9.97999999999983 -0.324999999999998 24.415 0 32.4999999999998 58.4999999999994 0
9.98999999999983 -0.249999999999997 24.55 0 24.9999999999997 44.9999999999996 0
9.99999999999983 -0.174999999999997 24.685 0 17.4999999999997 31.4999999999994 0
10.0099999999998 -0.0999999999999973 24.82 0 9.99999999999973 17.9999999999996 0
10.0199999999998 -0.0249999999999972 24.955 0 2.49999999999972 4.49999999999946 0
